,Consensus,Change,Domain,Position,Conservation,SigNoise,PSSM,RateOfEvolution,Pred_Prob,Pred_Label,True_Label,Source
0,A,V,Outside,2,0.232323232,0.0,0.0,0.726,0.1220216229557991,0,0.0,clinvar
1,A,G,Outside,3,0.252525253,0.0,0.0,1.251,0.11774801462888718,0,0.0,clinvar
2,P,S,Outside,7,0.44444444400000005,0.0,-1.0,0.21600000000000003,0.21543172001838684,0,0.0,clinvar
3,A,D,Outside,10,0.29292929300000004,0.0,-1.0,1.496,0.14328524470329285,0,0.0,clinvar
4,E,K,Outside,11,0.323232323,0.0,1.0,0.921,0.14043061435222626,0,0.0,clinvar
5,K,R,Outside,13,0.35353535399999997,0.0,1.0,1.1170000000000002,0.12285180389881134,0,0.0,clinvar
6,R,L,Outside,14,0.363636364,0.0,-2.0,-0.376,0.3163386583328247,0,0.0,wes
7,G,S,Outside,26,0.44444444400000005,0.0,1.0,1.5319999999999998,0.117739737033844,0,0.0,wes
8,S,R,Outside,27,0.424242424,0.0,-1.0,-0.479,0.3873786926269531,0,0.0,clinvar
9,P,L,Outside,35,0.46464646500000006,0.0,-2.0,-0.675,0.34900033473968506,0,0.0,wes
10,A,T,Outside,46,0.252525253,1.6582876590000026,1.0,0.42999999999999994,0.13843123614788055,0,0.0,wes
11,P,A,Outside,59,0.383838384,1.1292288830000032,0.0,-0.047,0.194247305393219,0,0.0,clinvar
12,P,T,Outside,61,0.35353535399999997,0.9194053829999973,0.0,1.893,0.07856957614421844,0,0.0,clinvar
13,P,S,Outside,64,0.424242424,0.5298937120000033,2.0,2.25,0.06306689232587814,0,0.0,clinvar
14,P,T,Outside,70,0.040404039999999974,0.552236182999998,-1.0,0.575,0.10848118364810944,0,0.0,clinvar
15,P,T,Outside,73,0.333333333,0.6350265570000033,-1.0,2.2590000000000003,0.0715053454041481,0,0.0,wes
16,P,R,Outside,84,0.27272727299999994,0.0,-2.0,0.703,0.15735718607902527,0,0.0,clinvar
17,V,D,Outside,106,0.020202020000000043,2.2123900069999998,-3.0,0.48,0.19166795909404755,0,0.0,clinvar
18,R,H,Outside,116,0.616161616,6.56206671,2.0,-0.897,0.4003685414791107,0,0.0,clinvar
19,G,R,Outside,119,0.656565657,5.972348559,1.0,-0.409,0.3681519329547882,0,0.0,clinvar
20,H,L,Transmemberane-1,126,0.636363636,21.12978244,-1.0,-0.985,0.5314375758171082,1,0.0,clinvar
21,L,P,Transmemberane-1,131,0.747474747,22.36026958,-3.0,0.10999999999999999,0.5390878915786743,1,0.0,clinvar
22,S,F,Outside,143,0.7777777779999999,4.122252561,-2.0,-1.01,0.5410043001174927,1,0.0,clinvar
23,T,A,Outside,144,0.767676768,3.151637797999996,-1.0,-1.004,0.5252647995948792,1,0.0,clinvar
24,W,C,Transmemberane-2,158,0.747474747,3.6518612819999987,1.0,-0.355,0.4502083659172058,0,0.0,wes
25,G,R,Transmemberane-2,168,0.868686869,12.97080288,-2.0,-0.611,0.5390062928199768,1,0.0,wes
26,V,M,Outside,172,0.717171717,11.71651133,0.0,0.706,0.23363935947418213,0,0.0,wes
27,R,C,Outside,174,0.929292929,14.05270995,3.0,-0.985,0.4459207355976105,0,0.0,wes
28,L,F,Outside,175,0.8888888890000001,11.323062579999998,3.0,-0.483,0.4251239001750946,0,0.0,clinvar
29,A,T,Outside,178,0.898989899,10.225810809999999,-1.0,-0.973,0.532371997833252,1,0.0,clinvar
30,L,P,Outside,187,0.232323232,7.61809796,0.0,1.036,0.14757788181304932,0,0.0,clinvar
31,R,P,Outside,190,0.929292929,5.204671053000002,-2.0,-1.021,0.5435453653335571,1,0.0,clinvar
32,R,W,Outside,190,0.929292929,5.204671053000002,-3.0,-1.021,0.545672595500946,1,0.0,duke
33,R,C,Outside,192,0.090909091,6.0491073459999996,-3.0,-0.6729999999999999,0.2969265878200531,0,0.0,clinvar
34,K,T,Outside,196,0.929292929,8.253848205,-1.0,-0.9279999999999999,0.5266672968864441,1,0.0,clinvar
35,P,H,Transmemberane-3,197,0.939393939,4.196967999999998,-2.0,-0.894,0.53793865442276,1,0.0,clinvar
36,M,T,Transmemberane-3,210,0.757575758,3.307497987999998,-2.0,0.401,0.34162575006484985,0,0.0,clinvar
37,S,F,Transmemberane-3,217,0.929292929,1.6938587830000031,-3.0,-0.9009999999999999,0.5441206097602844,1,0.0,clinvar
38,K,E,Outside,218,0.8383838379999999,6.212775586999999,0.0,-0.537,0.41045641899108887,0,0.0,clinvar
39,A,V,Transmemberane-4,226,0.9494949490000001,4.754331051000001,2.0,-0.94,0.4975184500217438,0,0.0,clinvar
40,Q,L,Transmemberane-4,234,0.9191919190000001,10.82152992,-1.0,-0.946,0.5374571681022644,1,0.0,clinvar
42,Q,P,Transmemberane-4,234,0.9191919190000001,10.82152992,-3.0,-0.946,0.548583447933197,1,0.0,clinvar
41,Q,R,Transmemberane-4,234,0.9191919190000001,10.82152992,6.0,-0.946,0.3781108558177948,0,0.0,clinvar
43,V,F,Transmemberane-4,241,0.090909091,12.82227491,1.0,-0.902,0.3084960877895355,0,0.0,clinvar
44,V,I,Transmemberane-4,241,0.090909091,12.82227491,0.0,-0.902,0.2851971387863159,0,0.0,wes
45,R,C,Transmemberane-4,243,0.929292929,13.530747740000002,-4.0,-1.02,0.5494034886360168,1,0.0,duke
46,R,S,Transmemberane-4,243,0.929292929,13.530747740000002,2.0,-1.02,0.527643084526062,1,0.0,clinvar
47,G,R,Transmemberane-4,245,0.929292929,18.05223674,-2.0,-0.8170000000000001,0.5455335974693298,1,0.0,duke
48,S,P,Outside,253,0.9191919190000001,33.71896498,-3.0,-1.011,0.5498480200767517,1,0.0,clinvar
49,R,H,Outside,259,0.898989899,31.9968341,-2.0,-0.953,0.5410134196281433,1,0.0,wes
50,Y,F,Transmemberane-5,267,0.929292929,11.060839819999998,2.0,-0.985,0.532874345779419,1,0.0,clinvar
51,I,S,Transmemberane-5,268,0.929292929,11.907203549999998,-1.0,-1.061,0.5385231971740723,1,0.0,clinvar
53,L,F,Transmemberane-5,273,0.929292929,8.423132212999999,2.0,-0.9940000000000001,0.5321385264396667,1,0.0,duke
52,L,P,Transmemberane-5,273,0.929292929,8.423132212999999,-4.0,-0.9940000000000001,0.5514947772026062,1,0.0,clinvar
55,A,G,Outside,283,0.9191919190000001,6.181566828999998,-2.0,-0.799,0.538576602935791,1,0.0,clinvar
54,A,P,Outside,283,0.9191919190000001,6.181566828999998,-2.0,-0.799,0.5419433116912842,1,0.0,clinvar
57,A,E,Outside,287,0.868686869,9.271936687,1.0,0.08300000000000002,0.29289209842681885,0,0.0,wes
56,A,T,Outside,287,0.868686869,9.271936687,0.0,0.08300000000000002,0.2985778748989105,0,0.0,wes
58,V,M,Outside,288,0.828282828,7.469316212999999,0.0,-0.256,0.3789846897125244,0,0.0,clinvar
59,E,K,Outside,290,0.626262626,6.303729596,0.0,0.612,0.19427338242530823,0,0.0,clinvar
60,G,D,Outside,292,0.8888888890000001,6.2227227119999995,1.0,-0.569,0.5022481679916382,1,0.0,clinvar
61,R,C,Outside,293,0.46464646500000006,6.2227227119999995,-3.0,0.7340000000000001,0.21906200051307678,0,0.0,wes
63,A,E,Outside,300,0.929292929,11.591881090000001,-2.0,-1.031,0.5404881238937378,1,0.0,clinvar
62,A,T,Outside,300,0.929292929,11.591881090000001,-2.0,-1.031,0.5373373031616211,1,0.0,wes
64,A,E,Outside,302,0.929292929,13.237857339999998,-2.0,-1.002,0.5402749180793762,1,0.0,clinvar
65,K,T,Outside,318,0.898989899,238.37568720000002,0.0,-0.68,0.5395365953445435,1,0.0,clinvar
66,P,H,Outside,320,0.9494949490000001,135.4443686,-3.0,-1.0490000000000002,0.549562394618988,1,0.0,wes
67,P,S,Outside,320,0.9494949490000001,135.4443686,-1.0,-1.0490000000000002,0.5403928756713867,1,0.0,clinvar
68,Q,P,Outside,321,0.9191919190000001,128.67215009999998,2.0,-0.054000000000000006,0.47249168157577515,0,0.0,clinvar
69,I,M,Transmemberane-6,337,0.9494949490000001,77.39074256,0.0,-0.855,0.541157603263855,1,0.0,clinvar
70,F,Y,Transmemberane-6,339,0.9494949490000001,130.0104758,0.0,-0.9890000000000001,0.5414633750915527,1,0.0,clinvar
71,L,H,Transmemberane-6,342,0.9494949490000001,270.80602669999996,-3.0,-0.992,0.56302410364151,1,0.0,clinvar
72,Q,E,Outside,357,0.939393939,54.16770479,5.0,-1.021,0.3572521507740021,0,0.0,clinvar
73,K,R,Outside,362,0.939393939,11.175229950000002,0.0,-1.014,0.5215941667556763,1,0.0,wes
74,P,A,Outside,369,0.929292929,10.214065109999996,-2.0,-0.6579999999999999,0.48199719190597534,0,0.0,clinvar
75,A,P,Outside,371,0.9191919190000001,8.700116266000002,2.0,-1.031,0.4891515076160431,0,0.0,clinvar
76,L,H,Outside,374,0.090909091,9.413250990999998,0.0,-0.9940000000000001,0.27841293811798096,0,0.0,clinvar
77,W,R,Outside,379,0.9191919190000001,5.929225642999999,-2.0,-0.7959999999999999,0.5401932001113892,1,0.0,clinvar
78,R,W,Outside,380,0.9191919190000001,5.929225642999999,-3.0,-0.985,0.5422835946083069,1,0.0,clinvar
80,S,A,Outside,389,0.8787878790000001,0.8839027149999978,-1.0,0.39,0.30561721324920654,0,0.0,clinvar
79,S,D,Outside,389,0.8787878790000001,0.8839027149999978,-2.0,0.39,0.44207704067230225,0,0.0,clinvar
81,R,W,Outside,397,0.818181818,0.7120560879999971,-4.0,0.287,0.4842807650566101,0,0.0,clinvar
82,K,R,Outside,398,0.797979798,0.34709529399999894,1.0,0.565,0.17991256713867188,0,0.0,wes
83,P,A,Outside,400,0.14141414099999994,0.27946711700000293,-1.0,2.0950000000000006,0.052387580275535583,0,0.0,clinvar
84,P,S,Outside,400,0.14141414099999994,0.27946711700000293,1.0,2.0950000000000006,0.04375135898590088,0,0.0,wes
85,S,N,Outside,402,0.0606060610000001,0.20960026200000215,1.0,2.387999999999999,0.043479252606630325,0,0.0,clinvar
86,P,H,Outside,447,0.616161616,0.05524752600000227,1.0,0.036000000000000004,0.1983642429113388,0,0.0,clinvar
87,P,R,Outside,448,0.484848485,0.05524752600000227,-1.0,2.1560000000000006,0.07377703487873077,0,0.0,wes
88,E,G,Outside,450,0.484848485,0.054632204000000684,-2.0,1.0190000000000001,0.15694347023963928,0,0.0,clinvar
89,R,W,Outside,451,0.727272727,0.054576660000002164,2.0,2.112,0.0976935550570488,0,0.0,wes
90,R,W,Outside,452,0.696969697,0.054720787999997356,-3.0,0.716,0.2952694594860077,0,0.0,clinvar
91,N,S,Outside,483,0.686868687,0.0,0.0,0.623,0.16648425161838531,0,0.0,wes
92,A,P,Outside,486,0.7373737370000001,0.0,-2.0,0.7490000000000001,0.2637525796890259,0,0.0,clinvar
93,T,I,Outside,513,0.545454545,4.379739102000002,-1.0,-0.667,0.31229594349861145,0,0.0,wes
94,T,S,Outside,513,0.545454545,4.379739102000002,2.0,-0.667,0.2175006866455078,0,0.0,clinvar
95,R,Q,Outside,518,0.656565657,7.147454016000005,0.0,-0.905,0.2922399938106537,0,0.0,clinvar
96,R,X,Outside,518,0.656565657,7.147454016000005,4.0,-0.905,0.2434815913438797,0,0.0,duke
97,K,E,Outside,526,0.6767676770000001,7.668829635000005,0.0,-0.815,0.3021278977394104,0,0.0,clinvar
98,K,N,Outside,526,0.6767676770000001,7.668829635000005,-1.0,-0.815,0.33474403619766235,0,0.0,clinvar
99,Q,P,Outside,530,0.727272727,19.52226339,3.0,-0.9420000000000001,0.31547996401786804,0,0.0,clinvar
100,R,W,Outside,533,0.7373737370000001,12.8764866,-3.0,-0.845,0.5315361022949219,1,0.0,clinvar
101,R,Q,Interaction-with-KCNE1-C-terminus,539,0.757575758,12.174191540000002,0.0,-0.938,0.4578024446964264,0,0.0,clinvar
102,Q,L,Interaction-with-KCNE1-C-terminus,544,0.767676768,22.25173087,0.0,-1.057,0.5063663721084595,1,0.0,clinvar
103,E,K,Outside,578,0.616161616,7.832038271000002,3.0,0.292,0.1351850926876068,0,0.0,clinvar
105,R,C,Outside,583,0.646464646,7.266539810000005,-3.0,0.248,0.28931403160095215,0,0.0,wes
104,R,H,Outside,583,0.646464646,7.266539810000005,-1.0,0.248,0.24657274782657623,0,0.0,wes
106,A,P,C-terminal-assembly-domain,590,0.626262626,4.707036289000001,-2.0,-0.632,0.49476203322410583,0,0.0,clinvar
107,A,T,C-terminal-assembly-domain,590,0.626262626,4.707036289000001,-1.0,-0.632,0.346545547246933,0,0.0,clinvar
108,R,P,C-terminal-assembly-domain,594,0.07070707099999995,4.072209840999999,-1.0,-0.787,0.27102094888687134,0,0.0,duke
109,T,M,C-terminal-assembly-domain,600,0.595959596,4.779239136999998,0.0,1.271,0.16245821118354797,0,0.0,wes
110,Q,L,C-terminal-assembly-domain,604,0.616161616,1.9158767230000038,-2.0,0.6859999999999999,0.22155717015266418,0,0.0,clinvar
111,L,V,C-terminal-assembly-domain,608,0.373737374,1.3963154110000033,0.0,1.281,0.1064823791384697,0,0.0,clinvar
112,T,N,C-terminal-assembly-domain,610,0.5858585860000001,2.094473116000003,-2.0,0.82,0.20940716564655304,0,0.0,clinvar
113,M,I,C-terminal-assembly-domain,612,0.535353535,2.1653805949999985,3.0,0.648,0.1364336758852005,0,0.0,clinvar
114,G,S,Outside,626,0.343434343,2.554065396000002,1.0,2.191,0.052792008966207504,0,0.0,wes
115,C,W,Outside,642,0.414141414,0.0,-1.0,1.6480000000000001,0.11373463273048401,0,0.0,clinvar
116,P,H,Outside,660,0.0606060610000001,0.0,-2.0,-0.758,0.18869422376155853,0,0.0,clinvar
117,T,P,Outside,666,0.595959596,0.0,-2.0,-0.547,0.36181190609931946,0,0.0,clinvar
118,V,M,Outside,667,0.0606060610000001,0.0,1.0,-0.355,0.11836490780115128,0,0.0,clinvar
